nameseq,AA,AC,AG,AT,CA,CC,CG,CT,GA,GC,GG,GT,TA,TC,TG,TT,label
NONHSAT122124,0.09245837414299707,0.04564152791380999,0.07482859941234084,0.07992164544564152,0.06072477962781587,0.04446620959843291,0.004897159647404506,0.08168462291870715,0.06679725759059746,0.039569049951028404,0.05661116552399608,0.04642507345739471,0.07286973555337904,0.06209598432908913,0.07306562193927522,0.0979431929480901,LncRNA
NONHSAT036719,0.03666666666666667,0.04,0.07666666666666666,0.03333333333333333,0.05333333333333334,0.08666666666666667,0.07666666666666666,0.06666666666666667,0.06333333333333334,0.09333333333333334,0.12333333333333334,0.07,0.03333333333333333,0.06,0.07333333333333333,0.013333333333333334,LncRNA
NONHSAT000091,0.06766917293233082,0.07706766917293233,0.05075187969924812,0.08145363408521303,0.08020050125313283,0.09649122807017543,0.03508771929824561,0.08583959899749373,0.045739348370927316,0.045739348370927316,0.03822055137844611,0.03195488721804511,0.08270676691729323,0.07832080200501253,0.03759398496240601,0.06516290726817042,LncRNA
NONHSAT000204,0.034976152623211444,0.058823529411764705,0.0890302066772655,0.02384737678855326,0.09697933227344992,0.10333863275039745,0.034976152623211444,0.06041335453100159,0.05246422893481717,0.08108108108108109,0.10174880763116058,0.06995230524642289,0.022257551669316374,0.05246422893481717,0.0794912559618442,0.03815580286168521,LncRNA
NONHSAT001062,0.12012012012012012,0.02702702702702703,0.08408408408408409,0.021021021021021023,0.05405405405405406,0.08708708708708708,0.042042042042042045,0.08408408408408409,0.057057057057057055,0.0960960960960961,0.07207207207207207,0.05405405405405406,0.021021021021021023,0.057057057057057055,0.07807807807807808,0.04504504504504504,LncRNA
NONHSAT001159,0.0387400434467777,0.036929761042722664,0.0941346850108617,0.03837798696596669,0.07530774800868936,0.08689355539464157,0.03729181752353367,0.08544532947139753,0.06842867487328023,0.10137581462708183,0.08725561187545257,0.04055032585083273,0.02606806661839247,0.05973931933381608,0.07856625633598842,0.04489500362056481,LncRNA
NONHSAT001461,0.08170515097690942,0.03907637655417407,0.08081705150976909,0.06039076376554174,0.06838365896980461,0.05950266429840142,0.010657193605683837,0.08703374777975133,0.07460035523978685,0.05772646536412078,0.05328596802841918,0.041740674955595025,0.037300177619893425,0.06927175843694494,0.08170515097690942,0.09680284191829484,LncRNA
NONHSAT001463,0.05428881650380022,0.04560260586319218,0.08469055374592833,0.051031487513572206,0.07057546145494029,0.0738327904451683,0.0249728555917481,0.08577633007600434,0.08034744842562432,0.05754614549402823,0.06514657980456026,0.051031487513572206,0.031487513572204126,0.07709011943539631,0.07926167209554831,0.06731813246471227,LncRNA
NONHSAT001511,0.1024303171769875,0.04400659069064946,0.06542633530138679,0.08698338596732116,0.056844706851572155,0.03981875600713992,0.00638473156666209,0.06652478374296307,0.05512838116160923,0.03315941233008376,0.039063572703556225,0.05650144171357957,0.08444322394617602,0.0525882191404641,0.07297816833722368,0.13771797336262528,LncRNA
NONHSAT001953,0.06823027718550106,0.04733475479744136,0.07633262260127932,0.05415778251599147,0.06567164179104477,0.05714285714285714,0.020042643923240937,0.07718550106609808,0.06140724946695096,0.06226012793176972,0.0673773987206823,0.05970149253731343,0.0511727078891258,0.053304904051172705,0.08656716417910448,0.09211087420042643,LncRNA
NONHSAT001993,0.10236220472440945,0.06771653543307087,0.08031496062992126,0.04409448818897638,0.07401574803149606,0.09606299212598425,0.03622047244094488,0.05669291338582677,0.07716535433070866,0.04409448818897638,0.08031496062992126,0.03622047244094488,0.03937007874015748,0.05669291338582677,0.04094488188976378,0.06771653543307087,LncRNA
NONHSAT002344,0.09665144596651445,0.05124302384576357,0.06189751395230847,0.07940131912734652,0.060882800608828,0.03221714865550482,0.007864028411973617,0.06798579401319127,0.05707762557077625,0.03830542871638762,0.053018772196854386,0.06113647894469812,0.0745814307458143,0.0471841704718417,0.0867579908675799,0.12379502790461694,LncRNA
NONHSAT002390,0.07360338893301561,0.03918453799311623,0.08128144029653164,0.06566057717765422,0.06698437913688113,0.04871591209954991,0.006883770187979878,0.07731003441885094,0.060894890124437384,0.050833995234312944,0.057453005030447445,0.057453005030447445,0.05824728620598359,0.06142441090812814,0.08075191951284087,0.1133174477098226,LncRNA
NONHSAT002564,0.05197268588770865,0.04021244309559939,0.07283763277693475,0.05652503793626707,0.07473444613050076,0.07587253414264036,0.015933232169954476,0.09028831562974203,0.05386949924127466,0.061456752655538696,0.06600910470409711,0.04817905918057663,0.0409711684370258,0.07928679817905918,0.07473444613050076,0.09711684370257967,LncRNA
NONHSAT002658,0.08896573404589751,0.0474693492612386,0.08393586922351462,0.06004401131719585,0.06318767683118516,0.0675888085507702,0.03615215341087708,0.05972964476579692,0.06916064130776485,0.06287331027978624,0.060987110971392644,0.055014146494812954,0.05910091166299906,0.04904118201823326,0.06696007544797233,0.06978937441056271,LncRNA
NONHSAT003081,0.04784688995215311,0.04984051036682616,0.07216905901116427,0.027910685805422646,0.06658692185007975,0.10406698564593302,0.050239234449760764,0.08931419457735247,0.06220095693779904,0.08373205741626795,0.08253588516746412,0.04824561403508772,0.0215311004784689,0.07216905901116427,0.07177033492822966,0.04984051036682616,LncRNA
NONHSAT004374,0.08540218470705065,0.05461767626613704,0.06653426017874876,0.0814299900695134,0.08838133068520357,0.05958291956305859,0.006951340615690168,0.07547169811320754,0.06454816285998013,0.0407149950347567,0.03773584905660377,0.04965243296921549,0.04965243296921549,0.07447864945382324,0.0814299900695134,0.08341608738828203,LncRNA
NONHSAT004412,0.10915619389587074,0.04955116696588869,0.06247755834829444,0.08043087971274686,0.06714542190305206,0.04272890484739677,0.014721723518850987,0.06355475763016158,0.05385996409335727,0.04488330341113106,0.04524236983842011,0.05350089766606822,0.0710951526032316,0.05134649910233393,0.07504488330341114,0.11526032315978456,LncRNA
NONHSAT006360,0.04694323144104803,0.034934497816593885,0.05349344978165939,0.08078602620087336,0.04585152838427948,0.05458515283842795,0.006550218340611353,0.09934497816593886,0.036026200873362446,0.034934497816593885,0.03711790393013101,0.07532751091703056,0.08733624454148471,0.08187772925764192,0.08624454148471616,0.13864628820960698,LncRNA
NONHSAT007698,0.10179076343072573,0.04806786050895382,0.07445805843543826,0.07822808671065033,0.057492931196983975,0.033930254476908575,0.003770028275212064,0.07257304429783223,0.06786050895381715,0.04052780395852969,0.05089538171536286,0.06314797360980208,0.0763430725730443,0.04429783223374175,0.09330819981149858,0.09330819981149858,LncRNA
NONHSAT008282,0.10782122905027933,0.037430167597765365,0.07318435754189945,0.07988826815642458,0.05307262569832402,0.0329608938547486,0.008379888268156424,0.06480446927374302,0.055865921787709494,0.035754189944134075,0.048044692737430165,0.06871508379888268,0.08100558659217877,0.05307262569832402,0.07932960893854749,0.12067039106145251,LncRNA
NONHSAT008692,0.1056768558951965,0.04716157205240175,0.05240174672489083,0.0794759825327511,0.04716157205240175,0.03842794759825328,0.007860262008733625,0.07598253275109171,0.032314410480349345,0.0314410480349345,0.03056768558951965,0.07336244541484715,0.09956331877729258,0.05327510917030567,0.07598253275109171,0.14934497816593886,LncRNA
NONHSAT009144,0.054282267792521106,0.03890229191797346,0.08187575392038601,0.055036188178528345,0.06498793727382389,0.0609167671893848,0.015681544028950542,0.07750301568154402,0.06755126658624849,0.0643848009650181,0.08127261761158022,0.06106755126658625,0.04342581423401689,0.0548854041013269,0.09529553679131483,0.08293124246079614,LncRNA
NONHSAT009289,0.0932420872540633,0.05360707157114343,0.07271171941830624,0.06529797547761619,0.07641859138865127,0.052751639577986884,0.016538351867693184,0.06501283147989735,0.05959509552323924,0.04847447961220416,0.0510407755916738,0.052751639577986884,0.05588822355289421,0.05588822355289421,0.071285999429712,0.10949529512403763,LncRNA
NONHSAT009703,0.09656652360515021,0.05150214592274678,0.060085836909871244,0.09399141630901288,0.06223175965665236,0.03133047210300429,0.005150214592274678,0.0648068669527897,0.04978540772532189,0.028755364806866954,0.03476394849785408,0.05879828326180257,0.09313304721030043,0.05236051502145923,0.07210300429184549,0.1446351931330472,LncRNA
NONHSAT009920,0.08629441624365482,0.05939086294416244,0.08527918781725888,0.05583756345177665,0.08730964467005076,0.0751269035532995,0.014213197969543147,0.07055837563451776,0.08020304568527918,0.049746192893401014,0.06142131979695432,0.04416243654822335,0.03350253807106599,0.06294416243654823,0.07411167512690356,0.05989847715736041,LncRNA
NONHSAT011652,0.1381466742467311,0.04064809550881183,0.06054576463899943,0.09863558840250142,0.05884025014212621,0.03126776577600909,0.004832291074474133,0.054576463899943146,0.04604889141557703,0.029277998862990335,0.03212052302444571,0.056281978396816375,0.0946560545764639,0.04832291074474133,0.06623081296191018,0.13956793632745879,LncRNA
NONHSAT012887,0.11924806827355552,0.05604889862760927,0.0793449429131588,0.08257409756660132,0.07807634644216353,0.04324760696574789,0.00876484834505824,0.05501095606043132,0.07738438473071156,0.036904624610771534,0.059739361088686424,0.04578479990773844,0.06262253488640296,0.048898627609272285,0.07184869103909583,0.07450121093299504,LncRNA
NONHSAT012889,0.12263959390862944,0.05685279187817259,0.08527918781725888,0.08121827411167512,0.08020304568527918,0.04020304568527919,0.005685279187817259,0.054619289340101525,0.08568527918781726,0.033908629441624365,0.05725888324873096,0.044263959390862945,0.05725888324873096,0.049746192893401014,0.07309644670050762,0.07208121827411168,LncRNA
NONHSAT016749,0.10424155283968368,0.056074766355140186,0.07836089144500359,0.06901509705248023,0.08626887131560029,0.0603882099209202,0.0050323508267433505,0.07189072609633357,0.07117181883537024,0.041696621135873475,0.04888569374550683,0.04672897196261682,0.04672897196261682,0.06470165348670022,0.07620416966211359,0.07260963335729691,LncRNA
NONHSAT016752,0.09237328280435812,0.05542396968261488,0.060161061108479394,0.07531975367124585,0.05921364282330649,0.05352913311226907,0.02700142112742776,0.07342491710090004,0.06489815253434392,0.05352913311226907,0.04784462340123164,0.04642349597347229,0.06679298910468973,0.050686878256750355,0.07768829938417811,0.09568924680246328,LncRNA
NONHSAT017060,0.06567534076827757,0.02973977695167286,0.05328376703841388,0.08302354399008674,0.04460966542750929,0.11771995043370508,0.023543990086741014,0.05328376703841388,0.08178438661710037,0.03965303593556382,0.04584882280049566,0.08674101610904585,0.03965303593556382,0.05204460966542751,0.13135068153655513,0.05204460966542751,LncRNA
NONHSAT017400,0.047701647875108416,0.05117085862966175,0.0598438855160451,0.03295750216825672,0.05637467476149176,0.09453599306157849,0.06764960971379011,0.08412836079791847,0.055507372072853424,0.08326105810928014,0.08933217692974849,0.04596704249783174,0.032090199479618386,0.0745880312228968,0.05724197745013009,0.06764960971379011,LncRNA
NONHSAT017922,0.07853403141361257,0.03664921465968586,0.07853403141361257,0.05235602094240838,0.03926701570680628,0.0549738219895288,0.04013961605584642,0.06806282722513089,0.07591623036649214,0.06195462478184991,0.09773123909249563,0.055846422338568937,0.05235602094240838,0.04886561954624782,0.07504363001745201,0.08376963350785341,LncRNA
NONHSAT018076,0.10494296577946768,0.05475285171102662,0.08010139416983524,0.06539923954372624,0.07984790874524715,0.05449936628643853,0.009125475285171103,0.07097591888466413,0.06869455006337136,0.047401774397972114,0.05525982256020279,0.04334600760456274,0.05171102661596958,0.05779467680608365,0.07021546261089988,0.08593155893536121,LncRNA
NONHSAT018186,0.0670407560543414,0.04223272297696397,0.08594211458948611,0.04695806261075015,0.07412876550502068,0.08594211458948611,0.014766686355581808,0.07058476077968104,0.06585942114589487,0.06645008860011814,0.08092144122858831,0.0522740696987596,0.03484937979917307,0.050797401063201415,0.08387477849970466,0.07737743650324867,LncRNA
NONHSAT018688,0.07624810892586989,0.0481089258698941,0.06354009077155824,0.06717095310136158,0.06959152798789713,0.06505295007564296,0.016944024205748864,0.07897125567322238,0.057488653555219364,0.050226928895612706,0.060514372163388806,0.052344931921331314,0.05173978819969743,0.06717095310136158,0.07957639939485628,0.09531013615733737,LncRNA
NONHSAT021830,0.07589447054571738,0.05059631369714492,0.070473436935309,0.061799783158655586,0.05963136971449223,0.04734369353089989,0.011564871702204554,0.08167690639681965,0.06613661004698229,0.04553668232743043,0.054210336104083844,0.06469100108420672,0.05710155402963498,0.056378749548247196,0.0943259848211059,0.10263823635706541,LncRNA
NONHSAT021853,0.06239168110918544,0.05025996533795494,0.07279029462738301,0.07972270363951472,0.060658578856152515,0.04679376083188908,0.010398613518197574,0.0831889081455806,0.0658578856152513,0.0415944540727903,0.04679376083188908,0.060658578856152515,0.07625649913344887,0.060658578856152515,0.08492201039861352,0.09705372616984402,LncRNA
NONHSAT021854,0.07596899224806201,0.037209302325581395,0.05891472868217054,0.08682170542635659,0.06046511627906977,0.05116279069767442,0.020155038759689922,0.06821705426356589,0.05271317829457364,0.04496124031007752,0.04961240310077519,0.06511627906976744,0.06976744186046512,0.06511627906976744,0.08372093023255814,0.11007751937984496,LncRNA
NONHSAT022112,0.06797695994371894,0.04410148177461197,0.06309633733456448,0.06700962933649915,0.06177725014290111,0.054786088027085254,0.013190871916633689,0.07457239590203579,0.053335092116255554,0.047663017192103065,0.06683375104427736,0.06841665567427341,0.059139075759574375,0.057732049421800116,0.09312755573143384,0.1072417886822319,LncRNA
NONHSAT022115,0.09813789632611977,0.042274786109713136,0.0634121791645697,0.06592853548062405,0.046804227478610974,0.03069954705586311,0.014091595369904378,0.06492199295420231,0.06139909411172622,0.03623553095118269,0.0634121791645697,0.0770005032712632,0.06391545042778057,0.046804227478610974,0.09713135379969803,0.12783090085556115,LncRNA
NONHSAT024258,0.060653188180404355,0.04924831518921721,0.09383100051840332,0.04043545878693624,0.07776049766718507,0.09072058061171591,0.0368066355624676,0.0705028512182478,0.07724209434940384,0.0782789009849663,0.08761016070502851,0.04250907205806117,0.02851218247796786,0.05754276827371695,0.06687402799377916,0.041472265422498704,LncRNA
NONHSAT024353,0.09582477754962354,0.0485968514715948,0.07118412046543464,0.06776180698151951,0.0650239561943874,0.06433949349760439,0.00889801505817933,0.07665982203969883,0.05817932922655715,0.049281314168377825,0.05065023956194387,0.057494866529774126,0.0650239561943874,0.05270362765229295,0.08487337440109514,0.08350444900752908,LncRNA
NONHSAT024449,0.06984387838948233,0.05135579293344289,0.06614626129827444,0.06409202958093672,0.0628594905505341,0.03944124897288414,0.010271158586688579,0.08134757600657354,0.05587510271158587,0.03820870994248151,0.05135579293344289,0.06368118323746919,0.0628594905505341,0.06491372226787182,0.080936729663106,0.13681183237469186,LncRNA
NONHSAT025216,0.049711158406810584,0.04119793250228033,0.06673761021587109,0.04743083003952569,0.05822438431134083,0.05837640620249316,0.01383399209486166,0.07829127394344786,0.05913651565825479,0.052751596229857096,0.08695652173913043,0.09516570386135603,0.03800547278808148,0.05640012161751292,0.12633019154758285,0.07145028884159318,LncRNA
NONHSAT027070,0.10178426601784266,0.040957015409570155,0.05798864557988646,0.0851581508515815,0.05190592051905921,0.036090835360908353,0.0052716950527169504,0.0665044606650446,0.040957015409570155,0.031630170316301706,0.038929440389294405,0.06853203568532036,0.09124087591240876,0.05150040551500405,0.07745336577453366,0.154095701540957,LncRNA
NONHSAT027475,0.09009009009009009,0.056511056511056514,0.07411957411957412,0.0642915642915643,0.08230958230958231,0.06142506142506143,0.0085995085995086,0.06756756756756757,0.061015561015561014,0.0343980343980344,0.06388206388206388,0.0561015561015561,0.051597051597051594,0.06715806715806716,0.0687960687960688,0.09213759213759214,LncRNA
NONHSAT028579,0.06353591160220995,0.03314917127071823,0.07596685082872928,0.04143646408839779,0.06837016574585636,0.106353591160221,0.031767955801104975,0.08425414364640885,0.058011049723756904,0.0835635359116022,0.08218232044198895,0.04281767955801105,0.023480662983425413,0.06767955801104972,0.07665745856353591,0.06077348066298342,LncRNA
NONHSAT028938,0.08837209302325581,0.044186046511627906,0.08081395348837209,0.05116279069767442,0.07732558139534884,0.07093023255813953,0.006395348837209302,0.07732558139534884,0.05930232558139535,0.05465116279069768,0.075,0.04709302325581395,0.03953488372093023,0.06162790697674419,0.07383720930232558,0.09244186046511628,LncRNA
NONHSAT029339,0.0831353919239905,0.05938242280285035,0.08076009501187649,0.07363420427553444,0.07363420427553444,0.040380047505938245,0.014251781472684086,0.06175771971496437,0.09738717339667459,0.03800475059382423,0.040380047505938245,0.06175771971496437,0.04275534441805225,0.05463182897862233,0.0997624703087886,0.07838479809976247,LncRNA
NONHSAT029458,0.0738492665655033,0.04324734446130501,0.0768841679312089,0.05285786545270612,0.06120384420839656,0.0703085483055134,0.042235710672736466,0.06929691451694486,0.07081436519979767,0.06600910470409711,0.07916034395548811,0.05235204855842185,0.0409711684370258,0.0637329286798179,0.07005563985837127,0.06702073849266565,LncRNA
NONHSAT030153,0.07228915662650602,0.05622489959839357,0.05622489959839357,0.07630522088353414,0.06827309236947791,0.0321285140562249,0.01606425702811245,0.07228915662650602,0.060240963855421686,0.03614457831325301,0.028112449799196786,0.08032128514056225,0.05622489959839357,0.0642570281124498,0.10441767068273092,0.12048192771084337,LncRNA
NONHSAT030969,0.04806739345887017,0.05252725470763132,0.06987115956392467,0.050049554013875126,0.06739345887016848,0.0688800792864222,0.017839444995044598,0.08523290386521308,0.06045589692765114,0.05252725470763132,0.06442021803766106,0.05698711595639247,0.044598612487611496,0.06541129831516353,0.08225966303270565,0.11347869177403369,LncRNA
NONHSAT032173,0.10136054421768707,0.047619047619047616,0.05986394557823129,0.08775510204081632,0.07006802721088436,0.0380952380952381,0.010884353741496598,0.07210884353741497,0.061224489795918366,0.0326530612244898,0.04353741496598639,0.05510204081632653,0.06462585034013606,0.0727891156462585,0.0782312925170068,0.10408163265306122,LncRNA
NONHSAT033428,0.10252018595546857,0.05260582334230487,0.06141424027403964,0.09102030829459261,0.06777587472473696,0.03498898947883533,0.005138243210178615,0.06606312698801077,0.057010031808172254,0.031808172253486665,0.033031563494005385,0.053095179838512356,0.08049914362613164,0.054318571079031076,0.07536090041595302,0.13334964521654025,LncRNA
NONHSAT033794,0.1214230471771075,0.04640371229698376,0.05568445475638051,0.09822119102861562,0.04331013147718484,0.03248259860788863,0.01237432327919567,0.06651198762567673,0.06496519721577726,0.026295436968290797,0.030162412993039442,0.04717710750193349,0.0920340293890178,0.050270688321732405,0.06960556844547564,0.1430781129156999,LncRNA
NONHSAT033822,0.08282828282828283,0.045454545454545456,0.0797979797979798,0.06565656565656566,0.06565656565656566,0.051515151515151514,0.022222222222222223,0.07474747474747474,0.06161616161616162,0.052525252525252523,0.049494949494949494,0.05454545454545454,0.06363636363636363,0.06363636363636363,0.06666666666666667,0.1,LncRNA
NONHSAT033970,0.09688826025459689,0.06294200848656294,0.0785007072135785,0.05233380480905234,0.07496463932107496,0.05091937765205092,0.019801980198019802,0.07708628005657708,0.07496463932107496,0.0586987270155587,0.051626591230551626,0.04809052333804809,0.04455445544554455,0.05021216407355021,0.08274398868458274,0.07567185289957568,LncRNA
NONHSAT034472,0.10818438381937912,0.041392285983066796,0.057855126999059266,0.09548447789275635,0.060206961429915336,0.03386641580432737,0.0028222013170272815,0.059266227657572904,0.05079962370649106,0.032455315145813735,0.028692380056444027,0.05503292568203198,0.08372530573847602,0.04844778927563499,0.07761053621825023,0.16415804327375352,LncRNA
NONHSAT034665,0.11002591189954156,0.04225632848315727,0.07036077337054017,0.07534383097468607,0.05102650986645406,0.029898345624875422,0.010165437512457643,0.06517839346222842,0.05740482359976081,0.040661750049830574,0.04325294000398645,0.06816822802471596,0.07952959936216862,0.04345226230815228,0.08550926848714371,0.127765596970301,LncRNA
NONHSAT034695,0.11450752062105773,0.044153323629306164,0.0732654051431344,0.08296943231441048,0.053372149442018436,0.024745269286754003,0.0048520135856380394,0.0611353711790393,0.057738961669092675,0.03056768558951965,0.029597282872392043,0.06695778748180495,0.08927704997573993,0.044153323629306164,0.07714701601164484,0.14556040756914118,LncRNA
NONHSAT034878,0.055487053020961775,0.0468557336621455,0.06411837237977805,0.035758323057953144,0.06288532675709001,0.08508014796547472,0.025893958076448828,0.1060419235511714,0.04315659679408138,0.06658446362515413,0.04562268803945746,0.06781750924784218,0.040690505548705305,0.08138101109741061,0.08754623921085081,0.08508014796547472,LncRNA
NONHSAT037936,0.08413307741522713,0.0563019833653231,0.07901471529110685,0.04958413307741523,0.07901471529110685,0.07693538067818298,0.021593090211132437,0.07293666026871401,0.06733845169545745,0.059021113243762,0.07309660908509277,0.04750479846449136,0.03854766474728087,0.058061420345489445,0.07325655790147152,0.063659628918746,LncRNA
NONHSAT038064,0.11099252934898612,0.048025613660619,0.07470651013874066,0.07043756670224119,0.06616862326574173,0.044823906083244394,0.005336179295624333,0.0736392742796158,0.0672358591248666,0.030949839914621132,0.04909284951974386,0.05869797225186766,0.05869797225186766,0.06616862326574173,0.07790821771611527,0.09711846318036287,LncRNA
NONHSAT039454,0.08499095840867993,0.03833634719710669,0.07088607594936709,0.0647377938517179,0.05605786618444846,0.05171790235081374,0.03074141048824593,0.0647377938517179,0.0650994575045208,0.05786618444846293,0.06039783001808318,0.060759493670886074,0.05280289330922242,0.05497287522603978,0.08245931283905968,0.10343580470162748,LncRNA
NONHSAT039675,0.07094693638229259,0.048372911169744945,0.07358545880973322,0.05511580181764878,0.0732922896511287,0.07094693638229259,0.016124303723248315,0.07505130460275579,0.06215186162415714,0.056874816769275874,0.06391087657578423,0.058340662562298445,0.0416300205218411,0.05922017003811199,0.08736440926414542,0.0870712401055409,LncRNA
NONHSAT040375,0.043262058677274985,0.05420188960716062,0.07508702138239681,0.034808552958727,0.08950770760815514,0.11337642963699653,0.02536051715564396,0.0919940328194928,0.05420188960716062,0.07956240676280457,0.07807061163600199,0.04574838388861263,0.020387866732968673,0.07260069617105917,0.07956240676280457,0.04226752859273993,LncRNA
NONHSAT041921,0.09754433833560709,0.04718053660754889,0.06912232833105958,0.07696680309231468,0.0629831741700773,0.045929968167348796,0.008753979081400637,0.07094133697135062,0.058435652569349704,0.04058663028649386,0.04740791268758526,0.05536607548885857,0.07185084129149613,0.05491132332878581,0.07651205093224193,0.11550704865848113,LncRNA
NONHSAT041927,0.10213903743315508,0.04719251336898396,0.06911764705882353,0.08061497326203208,0.06283422459893048,0.04171122994652406,0.007085561497326203,0.07032085561497327,0.05748663101604278,0.03890374331550802,0.044919786096256686,0.055347593582887704,0.0766042780748663,0.05414438502673797,0.07553475935828877,0.1160427807486631,LncRNA
NONHSAT042032,0.09045504994450611,0.04495005549389567,0.07436182019977802,0.08102108768035517,0.06437291897891231,0.033296337402885685,0.006104328523862375,0.06492785793562708,0.05382907880133185,0.03440621531631521,0.03829078801331853,0.06326304106548279,0.08213096559378469,0.0560488346281909,0.07103218645948946,0.14150943396226415,LncRNA
NONHSAT042406,0.07534883720930233,0.045581395348837206,0.07441860465116279,0.037209302325581395,0.04930232558139535,0.08186046511627906,0.06604651162790698,0.06325581395348837,0.07348837209302325,0.08,0.08651162790697674,0.04837209302325581,0.03441860465116279,0.053023255813953486,0.061395348837209304,0.06976744186046512,LncRNA
NONHSAT043887,0.10342541436464088,0.05303867403314917,0.07756906077348066,0.06607734806629834,0.08176795580110498,0.06033149171270718,0.010828729281767955,0.06850828729281767,0.05878453038674033,0.046629834254143646,0.055027624309392266,0.048839779005524865,0.05613259668508287,0.06143646408839779,0.06607734806629834,0.08552486187845304,LncRNA
NONHSAT044002,0.10728582866293035,0.04216706698692287,0.059247397918334666,0.10168134507606084,0.05337603416066186,0.025620496397117692,0.003469442220443021,0.0659194021884174,0.048572191086202296,0.025887376567921002,0.029890579129970642,0.06058179877235122,0.10114758473445423,0.054710435014678406,0.07232452628769682,0.14811849479583666,LncRNA
NONHSAT047179,0.07739130434782608,0.04695652173913043,0.05565217391304348,0.06869565217391305,0.06304347826086956,0.07478260869565218,0.010434782608695653,0.08347826086956522,0.05391304347826087,0.043043478260869565,0.04869565217391304,0.05391304347826087,0.05434782608695652,0.06695652173913043,0.08434782608695653,0.11434782608695652,LncRNA
NONHSAT047236,0.07207207207207207,0.0472972972972973,0.06756756756756757,0.0518018018018018,0.05855855855855856,0.06681681681681682,0.036036036036036036,0.08108108108108109,0.07132132132132132,0.0533033033033033,0.07357357357357357,0.057057057057057055,0.036036036036036036,0.07582582582582582,0.07807807807807808,0.07357357357357357,LncRNA
NONHSAT049673,0.08438485804416404,0.04889589905362776,0.0638801261829653,0.05914826498422713,0.04889589905362776,0.062302839116719244,0.056782334384858045,0.04574132492113565,0.07649842271293375,0.06466876971608833,0.0914826498422713,0.04652996845425868,0.04652996845425868,0.03785488958990536,0.06624605678233439,0.10015772870662461,LncRNA
NONHSAT050195,0.09010297482837529,0.05377574370709382,0.07151029748283753,0.07008009153318077,0.07265446224256293,0.060354691075514874,0.006292906178489702,0.08638443935926773,0.05177345537757437,0.040903890160183067,0.038615560640732266,0.05034324942791762,0.07093821510297482,0.07065217391304347,0.06521739130434782,0.10040045766590389,LncRNA
NONHSAT052035,0.03162055335968379,0.0533596837944664,0.03359683794466403,0.015810276679841896,0.041501976284584984,0.1422924901185771,0.10276679841897234,0.08300395256916997,0.045454545454545456,0.10276679841897234,0.09288537549407115,0.05533596837944664,0.01383399209486166,0.07312252964426877,0.06719367588932806,0.045454545454545456,LncRNA
NONHSAT052790,0.08964316797214969,0.04677980852915579,0.07571801566579635,0.07114882506527415,0.07463011314186249,0.05287206266318538,0.01392515230635335,0.06919060052219321,0.06331592689295039,0.047867711053089644,0.05308964316797215,0.05526544821583986,0.05548302872062663,0.06309834638816363,0.0768059181897302,0.0911662315056571,LncRNA
NONHSAT052795,0.07544910179640718,0.04610778443113772,0.09281437125748503,0.05149700598802395,0.0748502994011976,0.07005988023952096,0.05029940119760479,0.05089820359281437,0.08203592814371258,0.07544910179640718,0.07784431137724551,0.05029940119760479,0.033532934131736525,0.05449101796407185,0.06467065868263473,0.04970059880239521,LncRNA
NONHSAT054170,0.08204711616571893,0.054427294882209584,0.08732737611697806,0.05645816409423233,0.07879772542648253,0.05686433793663688,0.01421608448415922,0.0710804224207961,0.06904955320877336,0.062144597887896016,0.07392363931762795,0.056051990251827784,0.05077173030056864,0.04752233956133225,0.08529650690495533,0.05402112103980504,LncRNA
NONHSAT054526,0.1533980582524272,0.05048543689320388,0.05436893203883495,0.07378640776699029,0.06601941747572816,0.02524271844660194,0.02330097087378641,0.05825242718446602,0.06601941747572816,0.04466019417475728,0.05242718446601942,0.05242718446601942,0.04854368932038835,0.05048543689320388,0.0854368932038835,0.09514563106796116,LncRNA
NONHSAT054716,0.11403230915426038,0.04751346214760849,0.06683560342096928,0.08615774469433006,0.06303452644916059,0.03896103896103896,0.005701615457713019,0.06145074437757365,0.059233449477351915,0.027241051631295535,0.04466265441875198,0.06208425720620843,0.07792207792207792,0.05543237250554324,0.07633829585049097,0.11339879632562559,LncRNA
NONHSAT054915,0.07916152897657214,0.045129469790382244,0.0717632552404439,0.06732429099876695,0.06066584463625154,0.04784217016029593,0.0069050554870530205,0.0752157829839704,0.06313193588162762,0.03625154130702836,0.05770653514180025,0.05795314426633785,0.06041923551171394,0.06140567200986437,0.07866831072749692,0.13045622688039457,LncRNA
NONHSAT056046,0.07356608478802992,0.04945968412302577,0.0685785536159601,0.05029093931837074,0.06774729842061512,0.07065669160432253,0.014131338320864505,0.08063175394846218,0.055278470490440566,0.04987531172069826,0.04696591853699086,0.0627597672485453,0.0457190357439734,0.06317539484621779,0.08478802992518704,0.11637572734829593,LncRNA
NONHSAT056107,0.045202952029520294,0.048892988929889296,0.06780442804428044,0.045202952029520294,0.06688191881918819,0.08256457564575646,0.027675276752767528,0.07518450184501844,0.05996309963099631,0.06549815498154982,0.08118081180811808,0.06134686346863469,0.03505535055350553,0.055350553505535055,0.09132841328413284,0.09086715867158672,LncRNA
NONHSAT056108,0.040776699029126215,0.04789644012944984,0.06666666666666667,0.04660194174757282,0.06666666666666667,0.08349514563106795,0.031067961165048542,0.07378640776699029,0.0627831715210356,0.06472491909385113,0.08220064724919093,0.062135922330097085,0.031067961165048542,0.05889967637540453,0.09190938511326861,0.08932038834951456,LncRNA
NONHSAT057058,0.08470290771175727,0.05638432364096081,0.0697850821744627,0.06371681415929203,0.07560050568900127,0.06093552465233881,0.02402022756005057,0.07256637168141593,0.06245259165613148,0.05486725663716814,0.06649810366624526,0.045512010113780026,0.051833122629582805,0.06118836915297092,0.06902654867256637,0.08091024020227561,LncRNA
NONHSAT058882,0.11481719050673508,0.04939063502245029,0.0654265554842848,0.07312379730596537,0.06093649775497113,0.046183450930083386,0.010904425914047467,0.06286080821039128,0.05452212957023733,0.036561898652982684,0.03463758819756254,0.0654265554842848,0.07248236048749199,0.048749198203976905,0.08017960230917255,0.12379730596536241,LncRNA
NONHSAT058916,0.11455289304500292,0.05162672900837717,0.08416130917592052,0.07831677381648158,0.07656341320864991,0.04247029027858952,0.0070134424313267095,0.05747126436781609,0.07286187414767192,0.0335086693941165,0.04519774011299435,0.05766608221313072,0.06487434248977206,0.055717903759984415,0.07286187414767192,0.08513539840249366,LncRNA
NONHSAT059878,0.09769844997651479,0.04908407703147017,0.07867543447627995,0.05800845467355566,0.059417566932832316,0.05965241897604509,0.03663691874119305,0.06317519962423673,0.0760920620009394,0.0624706434945984,0.07656176608736497,0.04579614842649131,0.050023485204321275,0.04767496477219352,0.0692813527477689,0.06975105683419446,LncRNA
NONHSAT060501,0.03657978966620942,0.0489254686785551,0.06355738454503887,0.025605852766346592,0.06584362139917696,0.12574302697759487,0.04846822130772748,0.06812985825331504,0.05486968449931413,0.08962048468221308,0.12711476909007774,0.0489254686785551,0.017375400091449476,0.0438957475994513,0.08093278463648834,0.054412437128486514,LncRNA
NONHSAT063977,0.08600583090379009,0.06486880466472303,0.05903790087463557,0.0641399416909621,0.07142857142857142,0.0597667638483965,0.024052478134110787,0.07871720116618076,0.0706997084548105,0.053206997084548104,0.052478134110787174,0.048104956268221574,0.04591836734693878,0.05539358600583091,0.08892128279883382,0.07725947521865889,LncRNA
NONHSAT063996,0.060916179337231965,0.050682261208576995,0.050682261208576995,0.07163742690058479,0.06286549707602339,0.06140350877192982,0.023391812865497075,0.07407407407407407,0.04824561403508772,0.05165692007797271,0.043859649122807015,0.05896686159844054,0.06237816764132553,0.05799220272904483,0.08430799220272904,0.13693957115009747,LncRNA
NONHSAT064192,0.047501542257865514,0.038864898210980874,0.06971005552128316,0.03454657618753856,0.054904380012338064,0.09438618136952498,0.0715607649599013,0.06909315237507711,0.06045650832819247,0.0999383096853794,0.10240592227020358,0.04626773596545342,0.027760641579272053,0.0567550894509562,0.06539173349784085,0.06045650832819247,LncRNA
NONHSAT065864,0.04059040590405904,0.05227552275522755,0.06334563345633457,0.02890528905289053,0.07441574415744158,0.0965559655596556,0.02152521525215252,0.0897908979089791,0.047355473554735544,0.07072570725707257,0.08425584255842558,0.06273062730627306,0.022755227552275523,0.06273062730627306,0.0959409594095941,0.08610086100861009,LncRNA
NONHSAT066004,0.04600141542816702,0.03397027600849257,0.07360226468506724,0.03680113234253362,0.051663128096249115,0.09978768577494693,0.05024769992922859,0.08280254777070063,0.06652512384996462,0.0835102618542109,0.08280254777070063,0.05874026893135174,0.025477707006369428,0.06723283793347487,0.08563340410474168,0.055201698513800426,LncRNA
NONHSAT066071,0.08461842625543693,0.049031237643337285,0.05021747726374061,0.10280743376828787,0.07077896401739818,0.057730328192961644,0.004349545274812179,0.06484776591538158,0.048240411229735075,0.028469750889679714,0.03598260181890075,0.06326611308817714,0.0830367734282325,0.06207987346777382,0.08540925266903915,0.10913404507710557,LncRNA
NONHSAT068119,0.09090909090909091,0.05624036979969183,0.07357473035439137,0.07280431432973807,0.08050847457627118,0.052773497688751926,0.015408320493066256,0.0689522342064715,0.06471494607087827,0.04815100154083205,0.04468412942989214,0.053929121725731895,0.0573959938366718,0.060477657935285055,0.07742681047765794,0.08204930662557781,LncRNA
NONHSAT068156,0.058365758754863814,0.05614230127848805,0.054474708171206226,0.061145080600333516,0.0717065036131184,0.06614785992217899,0.027793218454697052,0.08282379099499722,0.05614230127848805,0.048916064480266815,0.057809894385769875,0.061145080600333516,0.04391328515842134,0.07782101167315175,0.08337965536409116,0.09227348526959422,LncRNA
NONHSAT068462,0.05310077519379845,0.05271317829457364,0.08682170542635659,0.03953488372093023,0.06666666666666667,0.0937984496124031,0.05,0.06976744186046512,0.08410852713178295,0.06744186046511629,0.07984496124031008,0.04534883720930233,0.02868217054263566,0.06627906976744186,0.059689922480620154,0.0562015503875969,LncRNA
NONHSAT070107,0.1250749850029994,0.04769046190761848,0.0629874025194961,0.08038392321535692,0.06898620275944811,0.04259148170365927,0.009298140371925615,0.0638872225554889,0.04949010197960408,0.040491901619676064,0.041991601679664065,0.05128974205158968,0.07228554289142172,0.054289142171565684,0.06898620275944811,0.12027594481103779,LncRNA
NONHSAT070211,0.05397727272727273,0.04071969696969697,0.0634469696969697,0.032196969696969696,0.05965909090909091,0.08143939393939394,0.07670454545454546,0.08901515151515152,0.054924242424242424,0.10606060606060606,0.09753787878787878,0.03977272727272727,0.022727272727272728,0.07859848484848485,0.05965909090909091,0.043560606060606064,LncRNA
NONHSAT070923,0.09132814750792279,0.04753673292999136,0.06539902045520023,0.061653702103140307,0.073177758571017,0.06683952751368481,0.01181215787957361,0.08095649668683376,0.052434456928838954,0.049553442811869776,0.05012964563526361,0.0515701526937482,0.048977239988475946,0.06885623739556324,0.07634687409968309,0.10342840679919331,LncRNA
NONHSAT072962,0.11088709677419355,0.04233870967741935,0.07056451612903226,0.07661290322580645,0.04939516129032258,0.046370967741935484,0.03528225806451613,0.04939516129032258,0.08266129032258064,0.047379032258064516,0.0715725806451613,0.038306451612903226,0.05846774193548387,0.04435483870967742,0.0625,0.11391129032258064,LncRNA
NONHSAT072980,0.0732899022801303,0.05754614549402823,0.048859934853420196,0.06840390879478828,0.0781758957654723,0.05374592833876222,0.015743756786102063,0.08686210640608034,0.04560260586319218,0.048859934853420196,0.04723127035830619,0.057003257328990226,0.051031487513572206,0.0738327904451683,0.08686210640608034,0.10694896851248643,LncRNA
NONHSAT075636,0.07794218857536132,0.049380591878871304,0.07157604955264969,0.049724707501720575,0.06503785271851342,0.08379215416379904,0.03475567790777701,0.07570543702684102,0.06125258086717137,0.06641431520991053,0.0751892635925671,0.044735030970406056,0.04439091534755678,0.05987611837577426,0.06589814177563662,0.0743289745354439,LncRNA
NONHSAT076795,0.06569785043899486,0.04965183166818044,0.07054193157735392,0.07447774750227067,0.07962458371177718,0.061762034514078114,0.007568876778686043,0.0711474417196488,0.05267938237965486,0.044807750529821375,0.06145927944293067,0.06388132001211021,0.06206478958522555,0.06418407508325764,0.08325764456554648,0.08719346049046321,LncRNA
NONHSAT077115,0.09496810772501772,0.0368532955350815,0.06307583274273565,0.0885896527285613,0.04748405386250886,0.0446491849751949,0.03118355776045358,0.06165839829907867,0.06945428773919206,0.057406094968107724,0.0517363571934798,0.04890148830616584,0.07158043940467754,0.04606661941885188,0.0815024805102764,0.10489014883061658,LncRNA
NONHSAT079374,0.07893864013266998,0.03781094527363184,0.06799336650082918,0.07827529021558872,0.05207296849087894,0.04643449419568822,0.007296849087893864,0.07296849087893864,0.05903814262023217,0.03913764510779436,0.050746268656716415,0.062354892205638474,0.07296849087893864,0.05572139303482587,0.08524046434494195,0.1330016583747927,LncRNA
NONHSAT079548,0.08320923306031273,0.045420699925539834,0.07390171258376768,0.0761355174981385,0.05454206999255398,0.043559195830230824,0.021779597915115412,0.05658972449739389,0.06478034251675353,0.043373045420699925,0.06403574087862993,0.06980640357408786,0.0763216679076694,0.04393149664929263,0.08227848101265822,0.10033507073715563,LncRNA
NONHSAT080206,0.06355511420059583,0.04270109235352532,0.08242303872889771,0.0407149950347567,0.05163853028798411,0.06852035749751738,0.06454816285998013,0.05561072492552135,0.07745779543197617,0.08639523336643495,0.10923535253227408,0.05263157894736842,0.03773584905660377,0.041708043694141016,0.06951340615690169,0.05561072492552135,LncRNA
NONHSAT082246,0.0921551472732575,0.043452901720618255,0.07757363662875474,0.06765820939049286,0.07465733449985419,0.051618547681539804,0.016622922134733157,0.061825605132691745,0.0594925634295713,0.05336832895888014,0.05774278215223097,0.058034412365121024,0.0542432195975503,0.05657626130067075,0.07669874599008457,0.09827938174394868,LncRNA
NONHSAT083038,0.10047281323877069,0.06264775413711583,0.08904649330181245,0.06382978723404255,0.08628841607565012,0.05988967691095351,0.011426319936958234,0.0673758865248227,0.07249802994483845,0.05319148936170213,0.04688731284475965,0.04452324665090623,0.05673758865248227,0.04964539007092199,0.06934594168636722,0.06619385342789598,LncRNA
NONHSAT083046,0.13911290322580644,0.056451612903225805,0.06854838709677419,0.06350806451612903,0.07459677419354839,0.05040322580645161,0.012096774193548387,0.07560483870967742,0.06653225806451613,0.05241935483870968,0.04435483870967742,0.04536290322580645,0.04838709677419355,0.05342741935483871,0.08266129032258064,0.06653225806451613,LncRNA
NONHSAT084423,0.0589798087141339,0.052072263549415514,0.08076514346439957,0.036663124335812966,0.077577045696068,0.0844845908607864,0.022316684378320937,0.08076514346439957,0.07120085015940489,0.06269925611052073,0.09458023379383634,0.0563230605738576,0.021253985122210415,0.06588735387885228,0.08660998937300744,0.04782146652497343,LncRNA
