nameseq,A,C,G,T,label
NONHSAT122124,0.2927927927927928,0.1917352134743439,0.20936153544849198,0.30611045828437133,LncRNA
NONHSAT036719,0.18604651162790697,0.2823920265780731,0.3488372093023256,0.18272425249169436,LncRNA
NONHSAT000091,0.2767689417658109,0.2974326862867877,0.16155291170945524,0.26424546023794615,LncRNA
NONHSAT000204,0.20634920634920634,0.29523809523809524,0.30634920634920637,0.19206349206349208,LncRNA
NONHSAT001062,0.25149700598802394,0.26646706586826346,0.27844311377245506,0.20359281437125748,LncRNA
NONHSAT001159,0.20846905537459284,0.2848353239232718,0.2975027144408252,0.20919290626131018,LncRNA
NONHSAT001461,0.26175687666370895,0.225377107364685,0.22715173025732033,0.2857142857142857,LncRNA
NONHSAT001463,0.23644251626898047,0.25488069414316705,0.25379609544468545,0.25488069414316705,LncRNA
NONHSAT001511,0.2988261138189057,0.16962998558385392,0.18384018672341593,0.34770371387382437,LncRNA
NONHSAT001953,0.2463768115942029,0.21994884910485935,0.2506393861892583,0.2830349531116795,LncRNA
NONHSAT001993,0.2940251572327044,0.2641509433962264,0.23742138364779874,0.20440251572327045,LncRNA
NONHSAT002344,0.28937357342125286,0.16890692366218615,0.20948516358102967,0.3322343393355313,LncRNA
NONHSAT002390,0.25966119640021174,0.20010587612493383,0.22657490735839067,0.31365802011646376,LncRNA
NONHSAT002564,0.22184300341296928,0.2567311338642397,0.22942737959802806,0.291998483124763,LncRNA
NONHSAT002658,0.28032683846637335,0.22690131992457574,0.24795725958516657,0.24481458202388434,LncRNA
NONHSAT003081,0.1980868872060582,0.31008369868473495,0.2766042247907533,0.21522518931845358,LncRNA
NONHSAT004374,0.2876984126984127,0.23015873015873015,0.19246031746031747,0.2896825396825397,LncRNA
NONHSAT004412,0.3015075376884422,0.1884422110552764,0.1974156496769562,0.3126346015793252,LncRNA
NONHSAT006360,0.21701199563794984,0.20610687022900764,0.183206106870229,0.3936750272628135,LncRNA
NONHSAT007698,0.3032015065913371,0.16760828625235405,0.2222222222222222,0.3069679849340866,LncRNA
NONHSAT008282,0.2981574539363484,0.15912897822445563,0.208821887213847,0.33389168062534896,LncRNA
NONHSAT008692,0.2844677137870855,0.17015706806282724,0.16753926701570682,0.37783595113438045,LncRNA
NONHSAT009144,0.2302125734961556,0.21905623398160712,0.27423488617518466,0.27649630634705263,LncRNA
NONHSAT009289,0.28506271379703535,0.21066134549600912,0.21180159635119727,0.29247434435575825,LncRNA
NONHSAT009703,0.30201630201630203,0.16387816387816387,0.17202917202917203,0.36207636207636207,LncRNA
NONHSAT009920,0.2871638762049721,0.24708269913749364,0.23541349568746828,0.23033992897006594,LncRNA
NONHSAT011652,0.3378800795680591,0.14947428246660982,0.1636828644501279,0.34896277351520316,LncRNA
NONHSAT012887,0.3372924354243542,0.18507841328413285,0.2197878228782288,0.2578413284132841,LncRNA
NONHSAT012889,0.3459196102314251,0.1806739748274462,0.22127486804709703,0.25213154689403167,LncRNA
NONHSAT016749,0.3081896551724138,0.22341954022988506,0.20833333333333334,0.2600574712643678,LncRNA
NONHSAT016752,0.2831439393939394,0.21306818181818182,0.21306818181818182,0.29071969696969696,LncRNA
NONHSAT017060,0.23143564356435645,0.23886138613861385,0.25495049504950495,0.2747524752475248,LncRNA
NONHSAT017400,0.19150779896013864,0.30329289428076256,0.2738301559792028,0.231369150779896,LncRNA
NONHSAT017922,0.24673060156931126,0.2022667829119442,0.2911944202266783,0.2598081952920663,LncRNA
NONHSAT018076,0.30511910795742525,0.21439432336543335,0.2146477445514445,0.2658388241256969,LncRNA
NONHSAT018186,0.24210215529967524,0.24534986713906112,0.265426631237083,0.2471213463241807,LncRNA
NONHSAT018688,0.25529340592861466,0.23049001814882034,0.22050816696914702,0.29370840895341804,LncRNA
NONHSAT021830,0.2586705202312139,0.20014450867052022,0.23049132947976878,0.3106936416184971,LncRNA
NONHSAT021853,0.2647058823529412,0.20069204152249134,0.21453287197231835,0.32006920415224915,LncRNA
NONHSAT021854,0.2585139318885449,0.1996904024767802,0.21207430340557276,0.32972136222910214,LncRNA
NONHSAT022112,0.24221772775237424,0.2043176222300387,0.2362381287372494,0.3172265212803377,LncRNA
NONHSAT022115,0.2701207243460765,0.15643863179074446,0.23792756539235413,0.33551307847082495,LncRNA
NONHSAT024258,0.24404145077720207,0.2756476683937824,0.2854922279792746,0.19481865284974093,LncRNA
NONHSAT024353,0.28385772913816687,0.21477428180574556,0.21545827633378933,0.2859097127222982,LncRNA
NONHSAT024449,0.2513347022587269,0.19383983572895278,0.20903490759753593,0.3457905544147844,LncRNA
NONHSAT025216,0.20504635962912296,0.20869433044535643,0.2939656482748138,0.2922936616507068,LncRNA
NONHSAT027070,0.2857721929468991,0.1601134981759222,0.1799756789623024,0.37413862991487634,LncRNA
NONHSAT027475,0.28489562013917313,0.21981170691772411,0.215309046254605,0.27998362668849774,LncRNA
NONHSAT028579,0.2139406487232574,0.29054520358868186,0.2663906142167012,0.22912353347135955,LncRNA
NONHSAT028938,0.2643811737361999,0.23184195235328298,0.2359093550261476,0.26786751888436955,LncRNA
NONHSAT029339,0.2962085308056872,0.19194312796208532,0.23696682464454977,0.27488151658767773,LncRNA
NONHSAT029458,0.2467762326169406,0.24323640960809104,0.26826801517067006,0.24171934260429837,LncRNA
NONHSAT030153,0.26,0.188,0.204,0.348,LncRNA
NONHSAT030969,0.2204061416542843,0.23922734026745915,0.23427439326399208,0.3060921248142645,LncRNA
NONHSAT032173,0.29707681849082257,0.1910265125764786,0.19238613188307274,0.3195105370496261,LncRNA
NONHSAT033428,0.30772994129158515,0.17392367906066536,0.17490215264187867,0.34344422700587085,LncRNA
NONHSAT033794,0.321483771251932,0.1553323029366306,0.16846986089644514,0.3547140649149923,LncRNA
NONHSAT033822,0.2734611503531786,0.21392532795156408,0.21796165489404642,0.2946518668012109,LncRNA
NONHSAT033970,0.2911660777385159,0.2226148409893993,0.2332155477031802,0.2530035335689046,LncRNA
NONHSAT034472,0.3032440056417489,0.15608838740009404,0.16690173953925716,0.37376586741889983,LncRNA
NONHSAT034665,0.2979274611398964,0.1562375448385811,0.20944599442008768,0.3363889996014348,LncRNA
NONHSAT034695,0.31474296799224055,0.1440349175557711,0.18477206595538312,0.3564500484966052,LncRNA
NONHSAT034878,0.20320197044334976,0.27955665024630544,0.2229064039408867,0.29433497536945813,LncRNA
NONHSAT037936,0.2689908843754998,0.25043978890132734,0.24692147769070846,0.2336478490324644,LncRNA
NONHSAT038064,0.30383795309168443,0.18976545842217485,0.2068230277185501,0.2995735607675906,LncRNA
NONHSAT039454,0.2588575560375994,0.2031814895155459,0.24439624005784527,0.2935647143890094,LncRNA
NONHSAT039675,0.24794841735052756,0.23534583821805394,0.24120750293083235,0.27549824150058616,LncRNA
NONHSAT040375,0.20725646123260438,0.32007952286282304,0.25795228628230615,0.2147117296222664,LncRNA
NONHSAT041921,0.2907809480504718,0.18870069341821075,0.2017733318176651,0.3187450267136524,LncRNA
NONHSAT041927,0.29902419462638685,0.18206122176179654,0.1966314663814998,0.32228311723031683,LncRNA
NONHSAT042032,0.2906267332224071,0.16860787576261785,0.1896838602329451,0.35108153078202997,LncRNA
NONHSAT042406,0.23327137546468402,0.26022304832713755,0.28810408921933084,0.2184014869888476,LncRNA
NONHSAT043887,0.30004418912947417,0.2213875386654883,0.20945647370746795,0.2691117984975696,LncRNA
NONHSAT044002,0.3105656350053362,0.14834578441835647,0.1648879402347919,0.37620064034151546,LncRNA
NONHSAT047179,0.24858757062146894,0.23163841807909605,0.19947848761408082,0.3202955236853542,LncRNA
NONHSAT047236,0.2385596399099775,0.24306076519129782,0.2550637659414854,0.2633158289572393,LncRNA
NONHSAT049673,0.256107171000788,0.21355397951142632,0.2789598108747045,0.25137903861308114,LncRNA
NONHSAT050195,0.28538747497855305,0.22562196168144125,0.1815842150414641,0.30740634829854163,LncRNA
NONHSAT052035,0.1341222879684418,0.3708086785009862,0.2958579881656805,0.1992110453648915,LncRNA
NONHSAT052790,0.28322819229932567,0.2105721122471177,0.21949097237328694,0.28670872308026973,LncRNA
NONHSAT052795,0.26570915619389585,0.2459605026929982,0.28545780969479356,0.20287253141831238,LncRNA
NONHSAT054170,0.28055217214778727,0.22086885911490053,0.26106374340235483,0.23751522533495736,LncRNA
NONHSAT054526,0.3333333333333333,0.17248062015503876,0.21511627906976744,0.27906976744186046,LncRNA
NONHSAT054716,0.3144395186827106,0.16909436352121596,0.1934768841038632,0.3229892336922103,LncRNA
NONHSAT054915,0.26331360946745563,0.1905818540433925,0.21499013806706113,0.3311143984220907,LncRNA
NONHSAT056046,0.24221022019110927,0.2330702118820108,0.21479019526381388,0.3099293726630661,LncRNA
NONHSAT056107,0.2074688796680498,0.25218994928538496,0.26786537574919317,0.27247579529737204,LncRNA
NONHSAT056108,0.2018111254851229,0.25485122897800777,0.2716688227684347,0.2716688227684347,LncRNA
NONHSAT057058,0.27451971688574317,0.2333164812942366,0.22927199191102124,0.26289180990899896,LncRNA
NONHSAT058882,0.3032051282051282,0.18076923076923077,0.191025641025641,0.325,LncRNA
NONHSAT058916,0.3287884690299961,0.1834826645890144,0.20919361121932217,0.27853525516166733,LncRNA
NONHSAT059878,0.2833998591218596,0.21883071143460905,0.261094153557173,0.2366752758863583,LncRNA
NONHSAT060501,0.1745886654478976,0.3080438756855576,0.3203839122486289,0.1969835466179159,LncRNA
NONHSAT063977,0.2738528769118718,0.2337946103423161,0.22432629278951202,0.26802621995630005,LncRNA
NONHSAT063996,0.23429128105211885,0.22162688748173404,0.20263029712615685,0.34145153433999026,LncRNA
NONHSAT064192,0.1905055487053021,0.28976572133168926,0.3094944512946979,0.21023427866831074,LncRNA
NONHSAT065864,0.1856177012907191,0.28211432083589427,0.26490473263675474,0.26736324523663185,LncRNA
NONHSAT066004,0.19024045261669023,0.2842998585572843,0.29207920792079206,0.2333804809052334,LncRNA
NONHSAT066071,0.2865612648221344,0.1976284584980237,0.17588932806324112,0.33992094861660077,LncRNA
NONHSAT068119,0.2934154793993069,0.21755872160184828,0.21139776665383134,0.2776280323450135,LncRNA
NONHSAT068156,0.23,0.24888888888888888,0.2238888888888889,0.2972222222222222,LncRNA
NONHSAT068462,0.2324680356450988,0.28012398295234403,0.27663696241766755,0.2107710189848896,LncRNA
NONHSAT070107,0.31604197901049474,0.18500749625187407,0.18320839580209894,0.3157421289355322,LncRNA
NONHSAT070211,0.19110690633869443,0.3065279091769158,0.2980132450331126,0.2043519394512772,LncRNA
NONHSAT070923,0.2658410138248848,0.23300691244239632,0.20362903225806453,0.29752304147465436,LncRNA
NONHSAT072962,0.3011077542799597,0.18026183282980865,0.23967774420946628,0.27895266868076535,LncRNA
NONHSAT072980,0.24796527400976667,0.23440043407487793,0.19858925664677157,0.31904503526858385,LncRNA
NONHSAT075636,0.2485807672458283,0.2594185446413212,0.2475485979700671,0.2444520901427834,LncRNA
NONHSAT076795,0.2602905569007264,0.22033898305084745,0.22276029055690072,0.2966101694915254,LncRNA
NONHSAT077115,0.2839943342776204,0.1848441926345609,0.2273371104815864,0.3038243626062323,LncRNA
NONHSAT079374,0.2629310344827586,0.17904509283819628,0.21120689655172414,0.34681697612732093,LncRNA
NONHSAT079548,0.27880141447980644,0.17643774427694026,0.24195049320677461,0.3028103480364787,LncRNA
NONHSAT080206,0.23015873015873015,0.2400793650793651,0.3253968253968254,0.20436507936507936,LncRNA
NONHSAT082246,0.28075801749271134,0.20495626822157434,0.22857142857142856,0.2857142857142857,LncRNA
NONHSAT083038,0.31587239070500195,0.22528554549035054,0.2170145726664041,0.2418274911382434,LncRNA
NONHSAT083046,0.3282980866062437,0.21248741188318226,0.2084592145015106,0.25075528700906347,LncRNA
NONHSAT084423,0.22889006903876793,0.26500265533722783,0.28465215082315454,0.2214551248008497,LncRNA
NONHSAT084609,0.2354668232530828,0.26208651399491095,0.2867488745351341,0.2156977882168722,LncRNA
NONHSAT084827,0.2722478576137113,0.2168754119973632,0.21502966381015162,0.2958470665787739,LncRNA
NONHSAT084887,0.2618618618618619,0.21501501501501502,0.22942942942942943,0.2936936936936937,LncRNA
NONHSAT087529,0.19933692498963945,0.3195192706174886,0.2606713634479901,0.2204724409448819,LncRNA
NONHSAT087761,0.24654165385797724,0.21211189671072855,0.22502305564094682,0.31632339379034735,LncRNA
NONHSAT087778,0.29793658782083543,0.17614494212380474,0.2143935581278309,0.31152491192752896,LncRNA
NONHSAT088657,0.296,0.13866666666666666,0.19733333333333333,0.368,LncRNA
NONHSAT090901,0.24102011494252873,0.2568247126436782,0.2686781609195402,0.23347701149425287,LncRNA
NONHSAT091509,0.2676151761517615,0.22323848238482386,0.2130758807588076,0.296070460704607,LncRNA
NONHSAT092438,0.31185884283955684,0.15428805908904392,0.16741895773492,0.36643414033647925,LncRNA
NONHSAT092772,0.31902439024390244,0.1351219512195122,0.1848780487804878,0.36097560975609755,LncRNA
NONHSAT093167,0.2905638665132336,0.2186421173762946,0.24453394706559264,0.24626006904487918,LncRNA
NONHSAT094546,0.30976253298153034,0.20422163588390502,0.23060686015831133,0.2554089709762533,LncRNA
NONHSAT094555,0.3,0.1980392156862745,0.23137254901960785,0.27058823529411763,LncRNA
NONHSAT094687,0.2296928327645051,0.2692832764505119,0.25324232081911263,0.2477815699658703,LncRNA
NONHSAT095521,0.2896281800391389,0.30528375733855184,0.2465753424657534,0.15851272015655576,LncRNA
NONHSAT095820,0.24192364170337738,0.2602790014684288,0.2000734214390602,0.2977239353891336,LncRNA
NONHSAT095934,0.34309623430962344,0.14943215780035865,0.14763897190675435,0.3598326359832636,LncRNA
NONHSAT096369,0.2099673202614379,0.29411764705882354,0.24673202614379086,0.24918300653594772,LncRNA
NONHSAT097093,0.3085513720485003,0.15762603701340142,0.16879387364390555,0.36502871729419273,LncRNA
NONHSAT097185,0.31152512998266896,0.1962738301559792,0.2231369150779896,0.2690641247833622,LncRNA
NONHSAT097386,0.32716606498194944,0.17057761732851986,0.18772563176895307,0.3145306859205776,LncRNA
NONHSAT097973,0.25,0.2113095238095238,0.28125,0.25744047619047616,LncRNA
NONHSAT098480,0.2941712204007286,0.21584699453551912,0.2122040072859745,0.2777777777777778,LncRNA
NONHSAT098643,0.3123877917414722,0.1436265709156194,0.21813285457809695,0.3258527827648115,LncRNA
NONHSAT099872,0.20912806539509537,0.3017711171662125,0.2731607629427793,0.2159400544959128,LncRNA
NONHSAT099881,0.21739130434782608,0.3019976498237368,0.27222875048962003,0.20838229533881708,LncRNA
NONHSAT100917,0.22403733955659277,0.2660443407234539,0.26254375729288215,0.24737456242707118,LncRNA
NONHSAT101044,0.3131932282545242,0.20169293636894337,0.2224168126094571,0.2626970227670753,LncRNA
NONHSAT101154,0.3038659793814433,0.18195876288659793,0.23917525773195877,0.275,LncRNA
NONHSAT101254,0.2692629815745394,0.23283082077051925,0.27261306532663315,0.22529313232830822,LncRNA
NONHSAT102257,0.257487091222031,0.27607573149741826,0.15180722891566265,0.3146299483648881,LncRNA
NONHSAT102316,0.27950179438463163,0.22672577580747308,0.22144817394975724,0.2723242558581381,LncRNA
NONHSAT102816,0.38823529411764707,0.13109243697478992,0.1781512605042017,0.3025210084033613,LncRNA
NONHSAT103210,0.2876389356685753,0.18760525429437522,0.2576625126305153,0.2670932974065342,LncRNA
NONHSAT103885,0.2962962962962963,0.30303030303030304,0.11447811447811448,0.28619528619528617,LncRNA
NONHSAT104512,0.29817044928207503,0.17600741083835109,0.18862899490504864,0.33719314497452524,LncRNA
NONHSAT104639,0.2750217580504787,0.17493472584856398,0.19973890339425587,0.3503046127067015,LncRNA
NONHSAT104991,0.2934078212290503,0.1611173184357542,0.17675977653631286,0.3687150837988827,LncRNA
NONHSAT107804,0.24360613810741688,0.23369565217391305,0.2324168797953964,0.29028132992327366,LncRNA
NONHSAT108289,0.28938628158844765,0.18108303249097474,0.2291696750902527,0.3003610108303249,LncRNA
NONHSAT108367,0.3362434522324769,0.18383636817161386,0.21850835619855324,0.26141182339735597,LncRNA
NONHSAT108375,0.2650531286894923,0.22491145218417946,0.27863046044864226,0.23140495867768596,LncRNA
NONHSAT112475,0.2246305418719212,0.2975369458128079,0.22857142857142856,0.24926108374384237,LncRNA
NONHSAT112849,0.2759914255091104,0.2266881028938907,0.21596998928188638,0.28135048231511256,LncRNA
NONHSAT113139,0.2979741136747327,0.21102982554867755,0.22734946539110862,0.26364659538548113,LncRNA
NONHSAT113140,0.2845204934341425,0.2184639872662157,0.2431356943891763,0.25387982491046557,LncRNA
NONHSAT113313,0.2509157509157509,0.2503052503052503,0.27289377289377287,0.2258852258852259,LncRNA
NONHSAT113544,0.2790858725761773,0.23407202216066483,0.24307479224376732,0.24376731301939059,LncRNA
NONHSAT113914,0.25820568927789933,0.19037199124726478,0.24288840262582057,0.3085339168490153,LncRNA
NONHSAT114444,0.25444340505144997,0.20626753975678203,0.21421889616463985,0.32507015902712816,LncRNA
NONHSAT115059,0.3,0.14407894736842106,0.17039473684210527,0.38552631578947366,LncRNA
NONHSAT115429,0.3453551912568306,0.15737704918032788,0.20546448087431693,0.29180327868852457,LncRNA
NONHSAT118886,0.22817899867080194,0.2724856003544528,0.25963668586619404,0.23969871510855117,LncRNA
NONHSAT119053,0.1727214786488209,0.27214786488209053,0.3326959847036329,0.2224346717654557,LncRNA
NONHSAT119684,0.24524048096192386,0.27379759519038077,0.2597695390781563,0.2211923847695391,LncRNA
NONHSAT119704,0.1794871794871795,0.3121794871794872,0.2948717948717949,0.21346153846153845,LncRNA
NONHSAT119808,0.2519455252918288,0.23273346303501946,0.2482976653696498,0.26702334630350194,LncRNA
NONHSAT120080,0.2757437070938215,0.23409610983981693,0.23592677345537758,0.254233409610984,LncRNA
NONHSAT120258,0.30554117037804246,0.15432418436043502,0.17762817193164163,0.3625064733298809,LncRNA
NONHSAT120415,0.2330779054916986,0.2177522349936143,0.2796934865900383,0.26947637292464877,LncRNA
NONHSAT120418,0.21473684210526317,0.26526315789473687,0.2673684210526316,0.25263157894736843,LncRNA
NONHSAT122815,0.2923076923076923,0.1879120879120879,0.2087912087912088,0.310989010989011,LncRNA
NONHSAT123438,0.27906976744186046,0.1821705426356589,0.19878183831672203,0.3399778516057586,LncRNA
NONHSAT124335,0.2759394279304543,0.2232192933258553,0.23555804823331464,0.2652832305103758,LncRNA
NONHSAT125847,0.30743243243243246,0.20197876447876448,0.19787644787644787,0.2927123552123552,LncRNA
NONHSAT125900,0.3343558282208589,0.15337423312883436,0.16012269938650306,0.3521472392638037,LncRNA
NONHSAT126295,0.27648,0.1968,0.2032,0.32352,LncRNA
NONHSAT127049,0.29310344827586204,0.17398119122257052,0.2507836990595611,0.28213166144200624,LncRNA
NONHSAT131038,0.2741150442477876,0.2,0.20398230088495575,0.3219026548672566,LncRNA
NONHSAT131159,0.22574410514109006,0.2752222651720139,0.27367607267104754,0.22535755701584848,LncRNA
NONHSAT133402,0.2319182389937107,0.26257861635220126,0.2893081761006289,0.21619496855345913,LncRNA
NONHSAT134020,0.2901134521880065,0.16531604538087522,0.16369529983792544,0.38087520259319285,LncRNA
NONHSAT134595,0.29753744605229754,0.16044681391216045,0.1871033257171871,0.3549124143183549,LncRNA
NONHSAT134613,0.21908422459893048,0.2454879679144385,0.2942847593582888,0.24114304812834225,LncRNA
NONHSAT135352,0.21763085399449036,0.2924701561065197,0.26492194674012853,0.22497704315886133,LncRNA
NONHSAT135582,0.1968503937007874,0.25104214914312184,0.32792959703566466,0.22417786012042612,LncRNA
NONHSAT135822,0.28560663149962323,0.32177844762622454,0.13112283345892992,0.2614920874152223,LncRNA
NONHSAT135828,0.26744186046511625,0.3333333333333333,0.12015503875968993,0.27906976744186046,LncRNA
NONHSAT136839,0.2574487895716946,0.21787709497206703,0.2164804469273743,0.30819366852886404,LncRNA
NONHSAT137541,0.2680497925311203,0.21649377593360997,0.19564315352697095,0.31981327800829873,LncRNA
NONHSAT137571,0.32951289398280803,0.2017191977077364,0.2177650429799427,0.2510028653295129,LncRNA
NONHSAT138142,0.3064451561248999,0.1921537229783827,0.17413931144915934,0.32726180944755806,LncRNA
NONHSAT138537,0.3050685368186165,0.20401657634682818,0.19636595473382212,0.2945489321007332,LncRNA
NONHSAT138539,0.27459016393442626,0.22575136612021857,0.24863387978142076,0.2510245901639344,LncRNA
NONHSAT142612,0.21153846153846154,0.260989010989011,0.2967032967032967,0.23076923076923078,LncRNA
NONHSAT144081,0.23445873526259378,0.22561629153269025,0.25857449088960344,0.28135048231511256,LncRNA
NONHSAT144315,0.19819238218205293,0.3051969012265978,0.27453195610071013,0.22207876049063913,LncRNA
NONHSAT145752,0.2506490912722189,0.20471340123826642,0.219492710205712,0.3251447972838027,LncRNA
NONHSAT145765,0.25174476570289134,0.2477567298105683,0.2622133599202393,0.2382851445663011,LncRNA
NONHSAT145923,0.24269889224572003,0.22356495468277945,0.24672708962739173,0.28700906344410876,LncRNA
NONHSAT145965,0.23173803526448364,0.2518891687657431,0.3022670025188917,0.2141057934508816,LncRNA
NONHSAT130962,0.17537313432835822,0.34701492537313433,0.2835820895522388,0.19402985074626866,LncRNA
NONHSAT026096,0.24596774193548387,0.16129032258064516,0.29838709677419356,0.29435483870967744,LncRNA
NONHSAT017465,0.1999152901313003,0.277424819991529,0.35578144853875476,0.16687844133841592,LncRNA
NONHSAT059436,0.30388013830195926,0.23357664233576642,0.22320399538993468,0.23933922397233962,LncRNA
NONHSAT093153,0.15551839464882944,0.3193979933110368,0.3394648829431438,0.18561872909698995,LncRNA
NONHSAT000372,0.15852334419109662,0.33659066232356133,0.32247557003257327,0.18241042345276873,LncRNA
NONHSAT001968,0.22483423749246534,0.2332730560578662,0.2730560578661845,0.26883664858348405,LncRNA
NONHSAT004992,0.233201581027668,0.33992094861660077,0.31620553359683795,0.11067193675889328,LncRNA
NONHSAT005319,0.2678375411635565,0.19538968166849616,0.18331503841931943,0.3534577387486279,LncRNA
NONHSAT005482,0.30894839973873284,0.1743958197256695,0.17766165904637493,0.33899412148922276,LncRNA
NONHSAT005727,0.2515889830508475,0.19385593220338984,0.2065677966101695,0.3479872881355932,LncRNA
NONHSAT007235,0.31824294038547735,0.16069027341999104,0.208650829224563,0.3124159569699686,LncRNA
NONHSAT007429,0.22483046426708397,0.23943661971830985,0.24100156494522693,0.29473135106937925,LncRNA
NONHSAT007673,0.24659964518036664,0.2235363690124187,0.2483737433471319,0.2814902424600828,LncRNA
NONHSAT007680,0.29704510108864696,0.17262830482115085,0.2130637636080871,0.31726283048211507,LncRNA
NONHSAT007691,0.2975,0.1675,0.23625,0.29875,LncRNA
NONHSAT008410,0.27254013997529847,0.22149032523672293,0.17908604363935776,0.3268834911486208,LncRNA
NONHSAT008654,0.3283327344592167,0.17705713259072942,0.17292490118577075,0.32168523176428315,LncRNA
NONHSAT009806,0.2493696997478799,0.23722209488883794,0.21842768737107496,0.2949805179922072,LncRNA
NONHSAT009808,0.24678484532499131,0.2332290580465763,0.22627737226277372,0.29370872436565865,LncRNA
NONHSAT010724,0.2593235039028621,0.18473547267996532,0.2035270309337959,0.3524139924833767,LncRNA
NONHSAT012542,0.25501002004008017,0.23947895791583165,0.20841683366733466,0.2970941883767535,LncRNA
NONHSAT013096,0.21368881814564267,0.26740947075208915,0.2431356943891763,0.2757660167130919,LncRNA
NONHSAT013309,0.24112303881090008,0.2014863748967795,0.2634186622625929,0.2939719240297275,LncRNA
NONHSAT013600,0.20341880341880342,0.17905982905982906,0.19487179487179487,0.42264957264957265,LncRNA
NONHSAT016408,0.2414420561810531,0.25440691459115206,0.2595246218582964,0.24462640736949848,LncRNA
NONHSAT016411,0.24545669105499174,0.24710880339863112,0.2482888836440878,0.25914562190228935,LncRNA
NONHSAT016413,0.2564302416212003,0.23616523772408418,0.2377240841777085,0.269680436477007,LncRNA
NONHSAT016859,0.2280130293159609,0.15309446254071662,0.1465798045602606,0.4723127035830619,LncRNA
NONHSAT017355,0.16420361247947454,0.2988505747126437,0.21674876847290642,0.32019704433497537,LncRNA
NONHSAT018796,0.27747551686615884,0.2162676822633297,0.20674646354733406,0.2995103373231774,LncRNA
NONHSAT021887,0.2891246684350133,0.17188328912466844,0.18541114058355437,0.35358090185676394,LncRNA
NONHSAT023259,0.27346278317152106,0.22006472491909385,0.2389428263214671,0.267529665587918,LncRNA
NONHSAT023656,0.2776203966005666,0.14447592067988668,0.2577903682719547,0.32011331444759206,LncRNA
NONHSAT025149,0.2780695173793448,0.22230557639409854,0.19879969992498125,0.3008252063015754,LncRNA
NONHSAT026280,0.3502824858757062,0.17702448210922786,0.1657250470809793,0.3069679849340866,LncRNA
NONHSAT027013,0.22226277372262773,0.24963503649635035,0.227007299270073,0.3010948905109489,LncRNA
NONHSAT028690,0.20152314001171645,0.3110720562390158,0.2595196250732279,0.22788517867603983,LncRNA
NONHSAT028908,0.2920634920634921,0.17319223985890653,0.2318636096413874,0.302880658436214,LncRNA
NONHSAT029810,0.3085606773283161,0.21119473189087487,0.20319849482596425,0.2770460959548448,LncRNA
NONHSAT031708,0.2659245516388373,0.17872603586889302,0.21335807050092764,0.341991341991342,LncRNA
NONHSAT032056,0.2751503006012024,0.23667334669338677,0.2593186372745491,0.22885771543086172,LncRNA
NONHSAT032361,0.2840909090909091,0.18394886363636365,0.20383522727272727,0.328125,LncRNA
NONHSAT033305,0.2922689298501525,0.1768996154356186,0.2101843256862485,0.32064712902798037,LncRNA
NONHSAT033791,0.30861244019138756,0.17129186602870813,0.17655502392344496,0.3435406698564593,LncRNA
NONHSAT034263,0.35446313065976714,0.1313065976714101,0.16914618369987064,0.3450840879689521,LncRNA
NONHSAT034312,0.2736737729300942,0.19930589985126426,0.1998016856717898,0.32721864154685176,LncRNA
NONHSAT034313,0.30833333333333335,0.18680555555555556,0.16666666666666666,0.33819444444444446,LncRNA
NONHSAT035599,0.2336734693877551,0.27,0.24408163265306124,0.2522448979591837,LncRNA
NONHSAT036395,0.253227408142999,0.19563058589870905,0.20109235352532273,0.3500496524329692,LncRNA
NONHSAT037576,0.22025129342202512,0.24340970682434096,0.2288741069228874,0.3074648928307465,LncRNA
NONHSAT037814,0.30237451157198675,0.16831980763450555,0.17673579801623085,0.3525698827772768,LncRNA
NONHSAT039445,0.22982456140350876,0.2912280701754386,0.2649122807017544,0.21403508771929824,LncRNA
NONHSAT039751,0.274541034453852,0.23547656970408248,0.25182328778606755,0.238159108055998,LncRNA
NONHSAT040062,0.22379216043755698,0.2506836827711942,0.23883318140382861,0.2866909753874202,LncRNA
NONHSAT040285,0.18659734257654534,0.28711727325245523,0.31311380704794917,0.21317157712305027,LncRNA
NONHSAT040969,0.27490261547022815,0.1914301613800779,0.2353923205342237,0.29827490261547024,LncRNA
NONHSAT040974,0.28668840794544914,0.14853246368218204,0.2090127482952861,0.3557663800770827,LncRNA
NONHSAT040980,0.27192658858249563,0.19574840911186941,0.22253988748501338,0.3097851148206216,LncRNA
NONHSAT041063,0.2779012894619831,0.16651845264562026,0.17029791018230325,0.3852823477100934,LncRNA
NONHSAT042416,0.29001103752759383,0.19591611479028698,0.19646799116997793,0.31760485651214126,LncRNA
NONHSAT046801,0.2671009771986971,0.1465798045602606,0.2247557003257329,0.36156351791530944,LncRNA
NONHSAT046812,0.2437137330754352,0.24832614194316321,0.2562118732331498,0.2517482517482518,LncRNA
NONHSAT047079,0.3140643623361144,0.19249106078665076,0.22407628128724671,0.2693682955899881,LncRNA
NONHSAT049670,0.2709653373089825,0.1528140141632501,0.2500931792769288,0.32612746925083863,LncRNA
NONHSAT052826,0.3057692307692308,0.1858974358974359,0.19743589743589743,0.3108974358974359,LncRNA
NONHSAT053230,0.27568740955137483,0.22141823444283648,0.25542691751085383,0.24746743849493488,LncRNA
NONHSAT053846,0.20817562452687358,0.22255866767600302,0.24148372445117336,0.32778198334595005,LncRNA
NONHSAT054126,0.30118817352859906,0.23984526112185686,0.22934512296214424,0.22962144238739984,LncRNA
NONHSAT055267,0.21529324424647364,0.22791388270230142,0.22420193021529325,0.3325909428359317,LncRNA
NONHSAT058969,0.30071241094863144,0.17097862767154107,0.22609673790776152,0.302212223472066,LncRNA
NONHSAT059132,0.256857855361596,0.2399002493765586,0.21496259351620947,0.28827930174563593,LncRNA
NONHSAT059173,0.3239415398523429,0.17703781829139673,0.18653005876148862,0.31249058309477173,LncRNA
NONHSAT060973,0.30120481927710846,0.19360199418363108,0.20731200664727878,0.2978811798919817,LncRNA
NONHSAT063875,0.24917143717987345,0.23983127448026514,0.21301596866526062,0.2979813196746008,LncRNA
NONHSAT065785,0.2555350553505535,0.17481549815498154,0.1572878228782288,0.4123616236162362,LncRNA
NONHSAT066638,0.24508050089445438,0.22093023255813954,0.25313059033989266,0.2808586762075134,LncRNA
NONHSAT068218,0.208955223880597,0.19792342634652824,0.18234912394548994,0.4107722258273848,LncRNA
NONHSAT069957,0.308264724509183,0.15769474350854973,0.1740025332488917,0.36003799873337555,LncRNA
NONHSAT070239,0.32198297446169255,0.17476214321482222,0.2083124687030546,0.29494241362043067,LncRNA
NONHSAT070902,0.27541689080150616,0.192845615922539,0.21893491124260356,0.31280258203335126,LncRNA
NONHSAT071557,0.30712074303405573,0.1696594427244582,0.19938080495356036,0.3238390092879257,LncRNA
NONHSAT072522,0.30525437864887406,0.1609674728940784,0.1738949124270225,0.35988323603002503,LncRNA
NONHSAT074765,0.3087222647283856,0.17597551644988524,0.20007651109410865,0.3152257077276205,LncRNA
NONHSAT076209,0.31986531986531985,0.1531986531986532,0.20033670033670034,0.3265993265993266,LncRNA
NONHSAT076792,0.2690721649484536,0.18144329896907216,0.23195876288659795,0.31752577319587627,LncRNA
NONHSAT077414,0.23957513768686073,0.21990558615263572,0.23800157356412274,0.3025177025963808,LncRNA
NONHSAT077462,0.23741007194244604,0.2158273381294964,0.25539568345323743,0.29136690647482016,LncRNA
NONHSAT077466,0.20676691729323307,0.2669172932330827,0.2631578947368421,0.2631578947368421,LncRNA
NONHSAT078782,0.22362869198312235,0.22784810126582278,0.270042194092827,0.27848101265822783,LncRNA
NONHSAT079300,0.28502994011976046,0.20119760479041915,0.24191616766467067,0.2718562874251497,LncRNA
NONHSAT080219,0.2580479011073912,0.25573010558846254,0.2286891578676281,0.25753283543651817,LncRNA
NONHSAT081217,0.2867857930730201,0.18508713876020297,0.16390911096404148,0.3642179572027355,LncRNA
NONHSAT081240,0.2988826815642458,0.164804469273743,0.1717877094972067,0.3645251396648045,LncRNA
NONHSAT081259,0.35228817399184414,0.18554599003171726,0.15949252378794743,0.30267331218849114,LncRNA
NONHSAT081842,0.2533681605718999,0.22298597745394555,0.23302172119879022,0.2906241407753643,LncRNA
NONHSAT082319,0.2615638766519824,0.24779735682819384,0.2433920704845815,0.2472466960352423,LncRNA
NONHSAT084621,0.2588712402838797,0.20310915849949307,0.20750253464008112,0.3305170665765461,LncRNA
NONHSAT087070,0.2493150684931507,0.236986301369863,0.2534246575342466,0.2602739726027397,LncRNA
NONHSAT087925,0.20105421686746988,0.2545180722891566,0.2319277108433735,0.3125,LncRNA
NONHSAT089678,0.19766688269604665,0.29034348671419313,0.25340246273493194,0.25858716785482827,LncRNA
NONHSAT089873,0.2543859649122807,0.17719298245614035,0.2807017543859649,0.28771929824561404,LncRNA
NONHSAT091143,0.28945182724252494,0.1897840531561462,0.17358803986710963,0.34717607973421927,LncRNA
NONHSAT091152,0.2751937984496124,0.1987080103359173,0.19483204134366924,0.33126614987080105,LncRNA
NONHSAT091589,0.29418813660874776,0.16057519472738166,0.1871380067904933,0.35809866187337724,LncRNA
NONHSAT092080,0.30325528269560253,0.1967447173043975,0.2238720731010851,0.2761279268989149,LncRNA
NONHSAT092997,0.29393939393939394,0.12727272727272726,0.24545454545454545,0.3333333333333333,LncRNA
NONHSAT094455,0.28441295546558704,0.2257085020242915,0.2069838056680162,0.28289473684210525,LncRNA
NONHSAT094617,0.31403726708074536,0.2129192546583851,0.2501863354037267,0.22285714285714286,LncRNA
NONHSAT094799,0.22138364779874214,0.23605870020964362,0.21635220125786164,0.3262054507337526,LncRNA
NONHSAT095714,0.27930306230200636,0.1958817317845829,0.2249208025343189,0.29989440337909185,LncRNA
NONHSAT096686,0.32009345794392524,0.15320427236315087,0.1855807743658211,0.3411214953271028,LncRNA
NONHSAT098048,0.1735159817351598,0.3800332088003321,0.21419676214196762,0.23225404732254049,LncRNA
NONHSAT098666,0.26535899333826796,0.1991117690599556,0.22205773501110287,0.3134715025906736,LncRNA
NONHSAT099020,0.292169900936355,0.1614873117112227,0.19636314289591533,0.349979644456507,LncRNA
NONHSAT100481,0.2027491408934708,0.26804123711340205,0.2508591065292096,0.27835051546391754,LncRNA
NONHSAT100798,0.3290774299835255,0.17559033498077978,0.1945359692476661,0.30079626578802854,LncRNA
NONHSAT101498,0.27696895281529554,0.18593229258024907,0.21382213646728643,0.3232766181371689,LncRNA
NONHSAT102457,0.30759878419452885,0.16778115501519758,0.18480243161094226,0.3398176291793313,LncRNA
NONHSAT102802,0.27602905569007263,0.1978554133517814,0.20166032514700796,0.324455205811138,LncRNA
NONHSAT104637,0.24152542372881355,0.2245762711864407,0.22598870056497175,0.307909604519774,LncRNA
NONHSAT105161,0.18137254901960784,0.24509803921568626,0.29901960784313725,0.27450980392156865,LncRNA
NONHSAT108425,0.2784217016029593,0.2379778051787916,0.1960542540073983,0.2875462392108508,LncRNA
NONHSAT108471,0.25191370911621436,0.2512178148921364,0.21189979123173278,0.2849686847599165,LncRNA
NONHSAT108615,0.3016926651178228,0.2168934616661135,0.21705940922668437,0.26435446398937934,LncRNA
NONHSAT108992,0.22956730769230768,0.21033653846153846,0.234375,0.32572115384615385,LncRNA
NONHSAT112287,0.27955321129382565,0.16506360533664288,0.16878684455476264,0.38659633881476885,LncRNA
NONHSAT112843,0.2583794812008161,0.2199067327309822,0.25779656076945495,0.2639172252987467,LncRNA
NONHSAT113149,0.19642857142857142,0.30357142857142855,0.2767857142857143,0.22321428571428573,LncRNA
NONHSAT113257,0.2626427406199021,0.1859706362153344,0.18923327895595432,0.3621533442088091,LncRNA
NONHSAT113497,0.2965963017509409,0.18253968253968253,0.19333987890688922,0.3275241368024873,LncRNA
NONHSAT113863,0.27655310621242485,0.15731462925851702,0.22444889779559118,0.34168336673346694,LncRNA
NONHSAT114356,0.2893590541381456,0.17237087741132545,0.18917237087741132,0.3490976975731176,LncRNA
NONHSAT114756,0.24476386036960984,0.2082135523613963,0.17618069815195073,0.37084188911704313,LncRNA
NONHSAT115106,0.32579984060116135,0.17653421382215645,0.18786291699874758,0.3098030285779346,LncRNA
NONHSAT115417,0.2773355676581483,0.1591956430666108,0.15416841223292838,0.40930037704231254,LncRNA
NONHSAT115568,0.2847682119205298,0.16797110174593619,0.2095123419626731,0.33774834437086093,LncRNA
NONHSAT115664,0.2846502590673575,0.20984455958549222,0.21599740932642486,0.28950777202072536,LncRNA
NONHSAT115734,0.27635327635327633,0.1889838556505223,0.2241215574548908,0.31054131054131057,LncRNA
NONHSAT115857,0.2724189902034665,0.21250941974378296,0.2302185380557649,0.2848530519969857,LncRNA
NONHSAT116016,0.22681704260651628,0.2719298245614035,0.2656641604010025,0.23558897243107768,LncRNA
NONHSAT118707,0.23374760994263863,0.2624282982791587,0.25430210325047803,0.24952198852772467,LncRNA
NONHSAT118799,0.21602787456445993,0.2804878048780488,0.2578397212543554,0.2456445993031359,LncRNA
NONHSAT121718,0.33204057279236276,0.1685560859188544,0.1766109785202864,0.32279236276849643,LncRNA
NONHSAT121765,0.32482826300294404,0.1467124631992149,0.14965652600588814,0.3788027477919529,LncRNA
NONHSAT122589,0.26796973518284994,0.21406052963430014,0.22509457755359394,0.292875157629256,LncRNA
NONHSAT122593,0.28855250709555347,0.20643330179754021,0.20302743614001892,0.3019867549668874,LncRNA
NONHSAT122633,0.2752598752598753,0.20415800415800417,0.22640332640332642,0.29417879417879417,LncRNA
NONHSAT122865,0.27142124166239096,0.20318111852231913,0.18214468958440225,0.34325295023088764,LncRNA
NONHSAT123138,0.25814889336016095,0.2090543259557344,0.1682092555331992,0.3645875251509054,LncRNA
NONHSAT123162,0.253016738030362,0.23160762942779292,0.2012456208641495,0.3141300116776956,LncRNA
NONHSAT123220,0.20734677969404658,0.30098411770437494,0.2617168469258501,0.22995225567572836,LncRNA
NONHSAT124481,0.2155440414507772,0.22383419689119172,0.22020725388601037,0.3404145077720207,LncRNA
NONHSAT124614,0.2472314507198228,0.250968992248062,0.23892580287929124,0.26287375415282394,LncRNA
NONHSAT127058,0.28035714285714286,0.15714285714285714,0.2517857142857143,0.3107142857142857,LncRNA
NONHSAT127134,0.30587875076546234,0.16074709124311085,0.19350887936313532,0.33986527862829147,LncRNA
NONHSAT127313,0.36418685121107264,0.15484429065743946,0.20588235294117646,0.2750865051903114,LncRNA
NONHSAT127621,0.24422236102435976,0.24422236102435976,0.2567145534041224,0.254840724547158,LncRNA
NONHSAT128024,0.2686084142394822,0.1818770226537217,0.21294498381877022,0.3365695792880259,LncRNA
NONHSAT128189,0.26625035481124043,0.2069259154130003,0.22906613681521432,0.297757592960545,LncRNA
NONHSAT128403,0.2664359861591695,0.18339100346020762,0.1903114186851211,0.35986159169550175,LncRNA
NONHSAT129417,0.18886560909907213,0.290631547440886,0.2687818018557318,0.2517210416043101,LncRNA
NONHSAT129986,0.30204890945142104,0.18274950429610046,0.20224719101123595,0.3129543952412426,LncRNA
NONHSAT130010,0.2739118380925977,0.2015525367341281,0.19295813695591904,0.33157748821735517,LncRNA
NONHSAT131958,0.10900473933649289,0.4028436018957346,0.35545023696682465,0.13270142180094788,LncRNA
NONHSAT133730,0.292166952544311,0.180674671240709,0.20411663807890223,0.3230417381360778,LncRNA
NONHSAT134698,0.2787878787878788,0.1893939393939394,0.18787878787878787,0.34393939393939393,LncRNA
NONHSAT135851,0.3094405594405594,0.3181818181818182,0.13986013986013987,0.23251748251748253,LncRNA
NONHSAT136803,0.2678214523650899,0.20797246280257606,0.2147457250721741,0.3094603597601599,LncRNA
NONHSAT137589,0.25721561969439727,0.20797962648556875,0.20161290322580644,0.3331918505942275,LncRNA
NONHSAT137607,0.26436781609195403,0.21001844756634028,0.21470129132964383,0.3109124450120619,LncRNA
NONHSAT138147,0.20454545454545456,0.25757575757575757,0.3383838383838384,0.1994949494949495,LncRNA
NONHSAT138174,0.31686576230006075,0.16562057096578256,0.18768981575217655,0.32982385098198014,LncRNA
NONHSAT138818,0.2622873345935728,0.2339319470699433,0.14697542533081284,0.3568052930056711,LncRNA
NONHSAT138966,0.2700629123829983,0.21420899186742365,0.2303206997084548,0.2854073960411232,LncRNA
NONHSAT142136,0.2621951219512195,0.23536585365853657,0.2634146341463415,0.23902439024390243,LncRNA
NONHSAT143557,0.364363221016562,0.17390062821245003,0.18389491719017703,0.277841233580811,LncRNA
NONHSAT143568,0.28093337427080134,0.21522873810254836,0.1869818851704022,0.31685600245624806,LncRNA
NONHSAT145225,0.26437941473259335,0.18819374369323916,0.18113017154389505,0.36629667003027244,LncRNA
NONHSAT145510,0.2583572110792741,0.2593123209169054,0.2693409742120344,0.21298949379178606,LncRNA
NONHSAT145960,0.276843467011643,0.222509702457956,0.24708926261319533,0.2535575679172057,LncRNA
NONHSAT039745,0.2021680216802168,0.2991869918699187,0.27154471544715447,0.22710027100271002,LncRNA
NONHSAT000157,0.21791951404707668,0.26727410782080485,0.25968109339407747,0.255125284738041,LncRNA
NONHSAT000825,0.30973451327433627,0.16322517207472959,0.18780727630285152,0.3392330383480826,LncRNA
NONHSAT001050,0.29169675090252706,0.1776173285198556,0.22707581227436824,0.3036101083032491,LncRNA
NONHSAT001652,0.32136105860113423,0.18714555765595464,0.21550094517958412,0.27599243856332706,LncRNA
NONHSAT002955,0.35557986870897157,0.18708971553610504,0.21444201312910285,0.24288840262582057,LncRNA
NONHSAT004175,0.34430275606746197,0.1497326203208556,0.14273961332784862,0.3632250102838338,LncRNA
NONHSAT004238,0.3040093421564811,0.15803814713896458,0.1771117166212534,0.3608407940833009,LncRNA
NONHSAT004455,0.29604409857328146,0.2175745784695201,0.19649805447470817,0.2898832684824903,LncRNA
NONHSAT004775,0.27071386197350206,0.18568321139015226,0.16847933557445124,0.3751235910618944,LncRNA
NONHSAT005942,0.2508905852417303,0.2223918575063613,0.18676844783715013,0.33994910941475825,LncRNA
NONHSAT006085,0.29943374858437144,0.20679501698754246,0.2287655719139298,0.2650056625141563,LncRNA
NONHSAT007159,0.28349944629014395,0.19158361018826134,0.21539313399778517,0.30952380952380953,LncRNA
NONHSAT007667,0.2874617737003058,0.17940876656472987,0.23547400611620795,0.2976554536187564,LncRNA
NONHSAT007719,0.3056436271401395,0.1813570069752695,0.15282181357006974,0.36017755231452125,LncRNA
NONHSAT008565,0.30146600124766065,0.17701185277604492,0.18777292576419213,0.3337492202121023,LncRNA
